pos_img\img1.jpg 3 388 276 1008 52 396 310 997 64 306 403 1056 132
pos_img\img11.jpg 5 30 204 523 21 30 226 523 21 30 245 523 23 30 261 522 27 30 279 521 28
pos_img\img14.jpg 10 66 123 487 24 64 103 490 22 7 152 543 40 67 137 486 30 53 168 515 46 60 184 509 54 63 198 506 64 63 213 505 71 64 227 503 82 66 241 502 92
pos_img\img15.jpg 7 51 211 504 25 54 233 498 22 79 189 443 19 195 173 263 16 55 253 494 18 56 270 493 18 59 285 489 19
pos_img\img16.jpg 24 92 77 347 12 90 86 349 16 90 96 349 15 91 108 349 16 91 120 349 15 94 132 347 16 96 144 345 15 99 156 343 14 99 165 342 15 98 177 344 12 98 187 343 14 100 198 341 16 99 212 344 12 100 221 342 13 102 231 340 12 102 244 340 14 106 255 339 13 108 265 336 15 110 281 335 15 110 294 333 15 110 305 333 13 111 316 333 12 111 327 332 11 111 336 332 11
pos_img\img18.jpg 23 4 1 523 20 2 16 525 21 3 34 524 20 6 52 520 20 6 67 521 24 2 84 525 28 4 103 523 27 5 121 522 25 6 137 517 19 12 153 508 23 11 169 508 29 12 184 503 30 13 199 498 31 13 214 494 28 15 226 491 33 8 241 501 38 9 261 497 33 8 272 492 37 9 288 487 33 12 299 481 37 10 315 483 38 12 330 477 35 12 340 474 38
pos_img\img21.jpg 18 113 127 230 11 115 137 229 13 114 147 230 15 128 162 265 22 128 174 265 23 130 184 262 26 132 193 261 29 135 205 258 32 142 215 261 37 144 226 258 38 144 234 258 41 146 244 256 43 147 251 254 51 163 268 264 54 164 279 262 55 163 286 262 61 172 297 263 68 172 307 262 71
pos_img\img24.jpg 11 229 9 34 89 204 9 32 89 176 9 36 88 148 9 46 90 115 10 60 90 249 7 44 91 270 7 50 90 289 8 59 87 306 7 69 87 331 8 72 86 350 8 79 85
pos_img\vid2_frame284.jpg 7 72 204 1103 58 78 254 1082 50 87 293 1064 43 95 333 1048 42 102 363 1035 40 319 41 638 75 319 12 645 76
pos_img\vid3_frame309.jpg 4 69 44 969 51 70 87 964 46 73 117 955 58 0 173 937 80
pos_img\vid3_frame409.jpg 10 0 144 756 104 43 67 824 52 43 28 824 51 47 99 823 64 18 186 808 114 22 214 803 130 24 236 804 146 29 262 798 154 35 288 793 165 35 311 787 182
pos_img\vid3_frame444.jpg 8 1 147 696 59 1 52 804 92 2 203 771 50 3 230 773 61 0 255 779 74 0 281 787 85 4 302 785 102 2 325 786 120
pos_img\vid4_frame1055.jpg 21 232 121 905 50 235 164 899 37 241 192 891 34 246 220 880 35 254 247 868 39 260 273 860 41 269 299 852 41 276 321 843 42 285 343 831 46 285 361 828 51 289 384 823 56 297 410 810 52 297 433 809 54 304 453 801 57 310 472 792 65 311 493 792 69 322 519 781 60 328 535 773 65 339 567 755 66 342 585 748 70 342 604 747 72
pos_img\vid4_frame1081.jpg 25 194 143 868 48 196 182 864 38 203 207 854 39 206 235 845 38 210 261 840 35 219 287 829 39 228 316 821 32 234 339 812 31 238 361 807 30 240 382 799 29 245 406 792 31 251 428 784 29 251 455 782 26 257 476 774 23 262 491 769 33 265 518 765 26 278 540 749 27 281 555 745 30 285 574 737 26 288 588 734 30 292 605 727 33 294 628 722 31 298 649 717 28 308 665 707 33 303 675 708 40
pos_img\vid4_frame393.jpg 10 552 190 126 332 98 196 333 352 218 195 254 341 334 195 180 334 448 195 108 333 596 198 186 332 636 200 259 336 680 204 324 342 719 206 396 343 759 207 472 349
pos_img\vid4_frame863.jpg 0
pos_img\vid4_frame886.jpg 9 36 306 541 52 5 244 551 28 12 260 548 34 19 274 549 39 29 288 542 45 82 374 533 70 75 359 536 67 60 339 544 69 55 326 540 67
pos_img\vid5_frame1132.jpg 1 259 114 131 495
pos_img\vid5_frame13.jpg 1 245 42 56 724
pos_img\vid5_frame1322.jpg 2 392 44 147 403 1 65 399 349
pos_img\vid5_frame7.jpg 1 33 404 1438 108
pos_img\vid5_frame832.jpg 1 71 3 92 802
